"plotn"	"TypePL"	"TCT"	"PLrr"	"MF"	"TypeMF"	"Aridity"	"RWC"	"Height"	"Shanon"	"alpha"	"Potential"	"SLO"	"Sand"	"Facil"	"HumanFootprint"	"Cow"	"Goat"	"Pig"	"prod"	"veg_type"	"ph"	"sr"	"lat"	"long"
"4"	"10"	0	21.36030457	0.566115625	-0.22244871	0	0.7822	46.95733938	2.455966481	10.95	2.036279555	0.255404829	0.5	2.859250805	NA	8.99512	4.54713	0.44738	0	11.47244323	2	8.625277492	28	-38.700489	-66.183086
"410"	"10"	0	21.36030457	0.566115625	-0.22244871	0	0.7822	46.95733938	2.455966481	10.95	2.036279555	0.255404829	0.5	2.859250805	NA	8.99512	4.54713	0.44738	0	11.47244323	2	8.625277492	28	-38.700489	-66.183086
"411"	"10"	0	21.36030457	0.566115625	-0.22244871	0	0.7822	46.95733938	2.455966481	10.95	2.036279555	0.255404829	0.5	2.859250805	NA	8.99512	4.54713	0.44738	0	11.47244323	2	8.625277492	28	-38.700489	-66.183086
"28"	"100"	0	31.2925	0.190546583	0.295650288	1	0.7254	90.32844999	2.066288645	13.47	3.327604519	0.254411203	4.2	2.561439499	NA	9.36845	9.89987	12.39053	3.49	13.01093807	2	8.133529841	33	22.246529	-99.655561
"281"	"100"	0	31.2925	0.190546583	0.295650288	1	0.7254	90.32844999	2.066288645	13.47	3.327604519	0.254411203	4.2	2.561439499	NA	9.36845	9.89987	12.39053	3.49	13.01093807	2	8.133529841	33	22.246529	-99.655561
"282"	"100"	0	31.2925	0.190546583	0.295650288	1	0.7254	90.32844999	2.066288645	13.47	3.327604519	0.254411203	4.2	2.561439499	NA	9.36845	9.89987	12.39053	3.49	13.01093807	2	8.133529841	33	22.246529	-99.655561
"29"	"101"	0	6.0775	0.537299346	0.161096476	1	0.7894	86.93729666	NA	4.95	2.40569266	0.327590087	2.5	2.694664261	NA	3.56553	5.06571	10.88408	1.07844	13.59864022	2	8.364914624	15	23.601688	-100.943528
"291"	"101"	0	6.0775	0.537299346	0.161096476	1	0.7894	86.93729666	NA	4.95	2.40569266	0.327590087	2.5	2.694664261	NA	3.56553	5.06571	10.88408	1.07844	13.59864022	2	8.364914624	15	23.601688	-100.943528
"292"	"101"	0	6.0775	0.537299346	0.161096476	1	0.7894	86.93729666	NA	4.95	2.40569266	0.327590087	2.5	2.694664261	NA	3.56553	5.06571	10.88408	1.07844	13.59864022	2	8.364914624	15	23.601688	-100.943528
"30"	"104"	1	61.25	0.677948919	0.709906931	1	0.7716	0	1.802787404	2.56	1.492897528	0.519815872	6.7	2.784452477	NA	3.26097	6.04216	12.78822	1.03901	13.06462982	1	8.009011517	6	23.254883	-101.055406
"301"	"104"	1	61.25	0.677948919	0.709906931	1	0.7716	0	1.802787404	2.56	1.492897528	0.519815872	6.7	2.784452477	NA	3.26097	6.04216	12.78822	1.03901	13.06462982	1	8.009011517	6	23.254883	-101.055406
"302"	"104"	1	61.25	0.677948919	0.709906931	1	0.7716	0	1.802787404	2.56	1.492897528	0.519815872	6.7	2.784452477	NA	3.26097	6.04216	12.78822	1.03901	13.06462982	1	8.009011517	6	23.254883	-101.055406
"5"	"11"	1	4.508774175	0.625917097	-0.575257766	0	0.8112	57.89574649	2.663310733	9.31	1.698849543	0.390252924	0.5	3.041700872	NA	6.95834	3.76157	2.85776	0	6.008840576	2	8.421067297	28	-37.671353	-67.233153
"510"	"11"	1	4.508774175	0.625917097	-0.575257766	0	0.8112	57.89574649	2.663310733	9.31	1.698849543	0.390252924	0.5	3.041700872	NA	6.95834	3.76157	2.85776	0	6.008840576	2	8.421067297	28	-37.671353	-67.233153
"511"	"11"	1	4.508774175	0.625917097	-0.575257766	0	0.8112	57.89574649	2.663310733	9.31	1.698849543	0.390252924	0.5	3.041700872	NA	6.95834	3.76157	2.85776	0	6.008840576	2	8.421067297	28	-37.671353	-67.233153
"31"	"110"	1	55.5	0.654370998	-0.19322391	0	0.6097	0	1.277723789	2.87	2.028427544	0.38229277	7.5	2.703710111	NA	5.26128	11.14173	5.16528	1.9113	5.436935591	1	6.770331403	9	21.771804	-101.673516
"311"	"110"	1	55.5	0.654370998	-0.19322391	0	0.6097	0	1.277723789	2.87	2.028427544	0.38229277	7.5	2.703710111	NA	5.26128	11.14173	5.16528	1.9113	5.436935591	1	6.770331403	9	21.771804	-101.673516
"312"	"110"	1	55.5	0.654370998	-0.19322391	0	0.6097	0	1.277723789	2.87	2.028427544	0.38229277	7.5	2.703710111	NA	5.26128	11.14173	5.16528	1.9113	5.436935591	1	6.770331403	9	21.771804	-101.673516
"32"	"112"	0	22.58333333	0.497172665	0.240614167	1	0.7721	10.6643076	1.91195087	2.32	2.077290718	0.339373058	5.25	2.755956252	"0"	17.69371	1.22667	8.99281	0.03901	9.260959957	1	8.301462789	11	34.159182	-2.372904
"321"	"112"	0	22.58333333	0.497172665	0.240614167	1	0.7721	10.6643076	1.91195087	2.32	2.077290718	0.339373058	5.25	2.755956252	"0"	17.69371	1.22667	8.99281	0.03901	9.260959957	1	8.301462789	11	34.159182	-2.372904
"322"	"112"	0	22.58333333	0.497172665	0.240614167	1	0.7721	10.6643076	1.91195087	2.32	2.077290718	0.339373058	5.25	2.755956252	"0"	17.69371	1.22667	8.99281	0.03901	9.260959957	1	8.301462789	11	34.159182	-2.372904
"33"	"113"	0	36.70833333	0.454864771	0.436499772	1	0.7481	0	1.943954288	1.6	2.073856541	0.255626797	5.75	2.669140671	"18.18181818"	20.41462	1.20927	7.47536	0	9.44570278	1	8.266375267	11	34.430867	-2.192604
"331"	"113"	0	36.70833333	0.454864771	0.436499772	1	0.7481	0	1.943954288	1.6	2.073856541	0.255626797	5.75	2.669140671	"18.18181818"	20.41462	1.20927	7.47536	0	9.44570278	1	8.266375267	11	34.430867	-2.192604
"332"	"113"	0	36.70833333	0.454864771	0.436499772	1	0.7481	0	1.943954288	1.6	2.073856541	0.255626797	5.75	2.669140671	"18.18181818"	20.41462	1.20927	7.47536	0	9.44570278	1	8.266375267	11	34.430867	-2.192604
"34"	"114"	0	16.61494253	0.384046139	-0.58395428	0	0.8004	2.661401099	NA	2.69	2.657051899	0.25245845	18.25	2.74731285	NA	8.94753	1.58277	11.04818	0	10.83466824	1	8.337406926	7	33.976574	-3.373502
"341"	"114"	0	16.61494253	0.384046139	-0.58395428	0	0.8004	2.661401099	NA	2.69	2.657051899	0.25245845	18.25	2.74731285	NA	8.94753	1.58277	11.04818	0	10.83466824	1	8.337406926	7	33.976574	-3.373502
"342"	"114"	0	16.61494253	0.384046139	-0.58395428	0	0.8004	2.661401099	NA	2.69	2.657051899	0.25245845	18.25	2.74731285	NA	8.94753	1.58277	11.04818	0	10.83466824	1	8.337406926	7	33.976574	-3.373502
"35"	"115"	0	36.58333333	0.465779242	-0.607513053	0	0.6846	0	1.945832806	1.36	2.143810049	0.67238025	4	2.718330969	"0"	8.39358	1.98748	11.01674	0.00491	5.505419008	1	8.352081837	7	34.473045	-3.638859
"351"	"115"	0	36.58333333	0.465779242	-0.607513053	0	0.6846	0	1.945832806	1.36	2.143810049	0.67238025	4	2.718330969	"0"	8.39358	1.98748	11.01674	0.00491	5.505419008	1	8.352081837	7	34.473045	-3.638859
"352"	"115"	0	36.58333333	0.465779242	-0.607513053	0	0.6846	0	1.945832806	1.36	2.143810049	0.67238025	4	2.718330969	"0"	8.39358	1.98748	11.01674	0.00491	5.505419008	1	8.352081837	7	34.473045	-3.638859
"36"	"116"	0	45.91666667	0.553947027	0.159327367	1	0.6826	0.609756098	1.939708903	1.46	2.187009356	0.330275206	14.25	2.689240819	"28.57142857"	13.26489	2.22151	14.01552	0.02841	8.416819307	1	8.277645592	14	34.442005	-3.592513
"361"	"116"	0	45.91666667	0.553947027	0.159327367	1	0.6826	0.609756098	1.939708903	1.46	2.187009356	0.330275206	14.25	2.689240819	"28.57142857"	13.26489	2.22151	14.01552	0.02841	8.416819307	1	8.277645592	14	34.442005	-3.592513
"362"	"116"	0	45.91666667	0.553947027	0.159327367	1	0.6826	0.609756098	1.939708903	1.46	2.187009356	0.330275206	14.25	2.689240819	"28.57142857"	13.26489	2.22151	14.01552	0.02841	8.416819307	1	8.277645592	14	34.442005	-3.592513
"37"	"118"	0	33.20833333	0.522959683	0.223005307	1	0.7655	10.50420594	1.903751782	1.96	2.084631297	0.304588184	7.25	2.860140602	"10"	15.00903	1.73984	12.96195	0.0101	19.73734698	1	8.365316195	10	33.872473	-3.63389
"371"	"118"	0	33.20833333	0.522959683	0.223005307	1	0.7655	10.50420594	1.903751782	1.96	2.084631297	0.304588184	7.25	2.860140602	"10"	15.00903	1.73984	12.96195	0.0101	19.73734698	1	8.365316195	10	33.872473	-3.63389
"372"	"118"	0	33.20833333	0.522959683	0.223005307	1	0.7655	10.50420594	1.903751782	1.96	2.084631297	0.304588184	7.25	2.860140602	"10"	15.00903	1.73984	12.96195	0.0101	19.73734698	1	8.365316195	10	33.872473	-3.63389
"38"	"119"	0	25.95833333	0.480474696	-0.577704454	0	0.7838	0	1.923575573	2.06	2.129427897	0.321653279	10.75	2.900167574	"66.66666667"	14.79674	1.59898	18.91239	0.03259	12.04906087	1	8.486204998	9	33.932621	-3.558751
"381"	"119"	0	25.95833333	0.480474696	-0.577704454	0	0.7838	0	1.923575573	2.06	2.129427897	0.321653279	10.75	2.900167574	"66.66666667"	14.79674	1.59898	18.91239	0.03259	12.04906087	1	8.486204998	9	33.932621	-3.558751
"382"	"119"	0	25.95833333	0.480474696	-0.577704454	0	0.7838	0	1.923575573	2.06	2.129427897	0.321653279	10.75	2.900167574	"66.66666667"	14.79674	1.59898	18.91239	0.03259	12.04906087	1	8.486204998	9	33.932621	-3.558751
"6"	"12"	0	8.347199727	0.502242013	-0.618603814	0	0.8647	22.42421929	2.507869359	10.64	2.062637775	0.290124068	0.5	2.731738578	NA	5.31969	1.68574	2.90792	1e-05	7.368797747	2	8.459523804	18	-37.549969	-68.050022
"610"	"12"	0	8.347199727	0.502242013	-0.618603814	0	0.8647	22.42421929	2.507869359	10.64	2.062637775	0.290124068	0.5	2.731738578	NA	5.31969	1.68574	2.90792	1e-05	7.368797747	2	8.459523804	18	-37.549969	-68.050022
"611"	"12"	0	8.347199727	0.502242013	-0.618603814	0	0.8647	22.42421929	2.507869359	10.64	2.062637775	0.290124068	0.5	2.731738578	NA	5.31969	1.68574	2.90792	1e-05	7.368797747	2	8.459523804	18	-37.549969	-68.050022
"39"	"120"	1	17.79166667	0.585388155	-0.544640985	0	0.7727	0	1.943815913	3.33	2.154156981	0.290933981	5.75	2.937665117	"23.07692308"	4.0408	0.17554	2.27101	0.00553	5.159701018	1	8.373917821	13	33.06768	-2.728708
"391"	"120"	1	17.79166667	0.585388155	-0.544640985	0	0.7727	0	1.943815913	3.33	2.154156981	0.290933981	5.75	2.937665117	"23.07692308"	4.0408	0.17554	2.27101	0.00553	5.159701018	1	8.373917821	13	33.06768	-2.728708
"392"	"120"	1	17.79166667	0.585388155	-0.544640985	0	0.7727	0	1.943815913	3.33	2.154156981	0.290933981	5.75	2.937665117	"23.07692308"	4.0408	0.17554	2.27101	0.00553	5.159701018	1	8.373917821	13	33.06768	-2.728708
"40"	"121"	0	28.45833333	0.311581182	-0.141514862	0	0.7293	1.439393939	1.936372976	3.68	2.987526253	0.417980097	20	2.726584903	"18.75"	14.60513	1.49297	8.373	0.00647	8.760400108	1	8.463831418	16	34.633215	-3.413628
"401"	"121"	0	28.45833333	0.311581182	-0.141514862	0	0.7293	1.439393939	1.936372976	3.68	2.987526253	0.417980097	20	2.726584903	"18.75"	14.60513	1.49297	8.373	0.00647	8.760400108	1	8.463831418	16	34.633215	-3.413628
"402"	"121"	0	28.45833333	0.311581182	-0.141514862	0	0.7293	1.439393939	1.936372976	3.68	2.987526253	0.417980097	20	2.726584903	"18.75"	14.60513	1.49297	8.373	0.00647	8.760400108	1	8.463831418	16	34.633215	-3.413628
"41"	"122"	0	11.20833333	0.513256735	0.595332359	1	0.6891	25.58194225	1.899552404	4.63	2.063082877	0.205421663	16.5	2.539097846	"27.27272727"	11.80623	1.17117	1.23141	0	8.534391516	1	8.30870425	11	34.625548	-3.464915
"412"	"122"	0	11.20833333	0.513256735	0.595332359	1	0.6891	25.58194225	1.899552404	4.63	2.063082877	0.205421663	16.5	2.539097846	"27.27272727"	11.80623	1.17117	1.23141	0	8.534391516	1	8.30870425	11	34.625548	-3.464915
"413"	"122"	0	11.20833333	0.513256735	0.595332359	1	0.6891	25.58194225	1.899552404	4.63	2.063082877	0.205421663	16.5	2.539097846	"27.27272727"	11.80623	1.17117	1.23141	0	8.534391516	1	8.30870425	11	34.625548	-3.464915
"42"	"123"	0	8.2	0.508436311	-0.467201524	0	0.7302	49.65834078	1.752140678	6.31	2.641954618	0.444610065	8.5	3.089280929	"25"	3.68132	3.21827	0.01307	0.88477	11.1875484	1	6.31744275	8	-16.189754	-71.35712
"421"	"123"	0	8.2	0.508436311	-0.467201524	0	0.7302	49.65834078	1.752140678	6.31	2.641954618	0.444610065	8.5	3.089280929	"25"	3.68132	3.21827	0.01307	0.88477	11.1875484	1	6.31744275	8	-16.189754	-71.35712
"422"	"123"	0	8.2	0.508436311	-0.467201524	0	0.7302	49.65834078	1.752140678	6.31	2.641954618	0.444610065	8.5	3.089280929	"25"	3.68132	3.21827	0.01307	0.88477	11.1875484	1	6.31744275	8	-16.189754	-71.35712
"43"	"124"	0	16.025	0.476140202	-0.235554623	0	0.7551	5.456852792	1.750809134	1.18	2.775333124	0.471611851	12	3.111031539	"25"	7.25443	2.95436	0.00108	0.83611	11.18711148	1	5.871109277	4	-16.215578	-71.359792
"431"	"124"	0	16.025	0.476140202	-0.235554623	0	0.7551	5.456852792	1.750809134	1.18	2.775333124	0.471611851	12	3.111031539	"25"	7.25443	2.95436	0.00108	0.83611	11.18711148	1	5.871109277	4	-16.215578	-71.359792
"432"	"124"	0	16.025	0.476140202	-0.235554623	0	0.7551	5.456852792	1.750809134	1.18	2.775333124	0.471611851	12	3.111031539	"25"	7.25443	2.95436	0.00108	0.83611	11.18711148	1	5.871109277	4	-16.215578	-71.359792
"44"	"125"	0	27.05	0.42026353	-0.271829441	0	0.7003	13.28719725	1.780137219	3.28	2.993479214	0.412808937	6	3.083956222	"28.57142857"	13.45366	4.26381	0.05404	0.9476	10.52979163	1	6.196487878	7	-16.210425	-71.433769
"441"	"125"	0	27.05	0.42026353	-0.271829441	0	0.7003	13.28719725	1.780137219	3.28	2.993479214	0.412808937	6	3.083956222	"28.57142857"	13.45366	4.26381	0.05404	0.9476	10.52979163	1	6.196487878	7	-16.210425	-71.433769
"442"	"125"	0	27.05	0.42026353	-0.271829441	0	0.7003	13.28719725	1.780137219	3.28	2.993479214	0.412808937	6	3.083956222	"28.57142857"	13.45366	4.26381	0.05404	0.9476	10.52979163	1	6.196487878	7	-16.210425	-71.433769
"45"	"126"	0	23.025	0.368962055	-0.654618615	0	0.7041	49.09201098	1.739374533	2.69	2.945650172	0.615594961	8.6	3.122898103	"33.33333333"	10.73301	4.22761	0.07205	0.67182	7.035610959	1	6.3346195	6	-16.175231	-71.440853
"451"	"126"	0	23.025	0.368962055	-0.654618615	0	0.7041	49.09201098	1.739374533	2.69	2.945650172	0.615594961	8.6	3.122898103	"33.33333333"	10.73301	4.22761	0.07205	0.67182	7.035610959	1	6.3346195	6	-16.175231	-71.440853
"452"	"126"	0	23.025	0.368962055	-0.654618615	0	0.7041	49.09201098	1.739374533	2.69	2.945650172	0.615594961	8.6	3.122898103	"33.33333333"	10.73301	4.22761	0.07205	0.67182	7.035610959	1	6.3346195	6	-16.175231	-71.440853
"46"	"128"	0	22.375	0.414346346	-0.128935256	0	0.7306	0	1.741608511	1.02	2.88584236	0.408456444	14.5	3.10727623	"0"	7.25405	3.28978	0.0186	0.99123	11.96663642	1	5.9277325	2	-16.26659	-71.384941
"461"	"128"	0	22.375	0.414346346	-0.128935256	0	0.7306	0	1.741608511	1.02	2.88584236	0.408456444	14.5	3.10727623	"0"	7.25405	3.28978	0.0186	0.99123	11.96663642	1	5.9277325	2	-16.26659	-71.384941
"462"	"128"	0	22.375	0.414346346	-0.128935256	0	0.7306	0	1.741608511	1.02	2.88584236	0.408456444	14.5	3.10727623	"0"	7.25405	3.28978	0.0186	0.99123	11.96663642	1	5.9277325	2	-16.26659	-71.384941
"47"	"129"	0	13.175	0.373247244	-0.379799581	0	0.6994	70.05194687	1.610617583	3.08	2.971483085	0.411325877	3	3.055050463	NA	8.01958	4.72962	0.01627	0.78883	4.754849315	1	5.92701225	7	-16.052056	-71.415888
"471"	"129"	0	13.175	0.373247244	-0.379799581	0	0.6994	70.05194687	1.610617583	3.08	2.971483085	0.411325877	3	3.055050463	NA	8.01958	4.72962	0.01627	0.78883	4.754849315	1	5.92701225	7	-16.052056	-71.415888
"472"	"129"	0	13.175	0.373247244	-0.379799581	0	0.6994	70.05194687	1.610617583	3.08	2.971483085	0.411325877	3	3.055050463	NA	8.01958	4.72962	0.01627	0.78883	4.754849315	1	5.92701225	7	-16.052056	-71.415888
"7"	"13"	0	56.05833333	0.442793647	0.23461538	1	0.8448	92.71676301	2.340725621	8.31	2.017554733	0.33936968	1.5	2.932141667	NA	9.35102	0.02953	1.20115	0.00022	17.94522888	2	8.41267695	15	-31.5511	-67.425
"710"	"13"	0	56.05833333	0.442793647	0.23461538	1	0.8448	92.71676301	2.340725621	8.31	2.017554733	0.33936968	1.5	2.932141667	NA	9.35102	0.02953	1.20115	0.00022	17.94522888	2	8.41267695	15	-31.5511	-67.425
"711"	"13"	0	56.05833333	0.442793647	0.23461538	1	0.8448	92.71676301	2.340725621	8.31	2.017554733	0.33936968	1.5	2.932141667	NA	9.35102	0.02953	1.20115	0.00022	17.94522888	2	8.41267695	15	-31.5511	-67.425
"48"	"130"	0	22.675	0.545705792	-0.140019896	0	0.6415	0	1.738859802	1.22	2.090869039	0.53665673	6.5	3.059909792	"25"	5.17712	2.94174	0.10682	0.53901	6.582022831	1	6.244671	4	-16.381181	-71.230912
"481"	"130"	0	22.675	0.545705792	-0.140019896	0	0.6415	0	1.738859802	1.22	2.090869039	0.53665673	6.5	3.059909792	"25"	5.17712	2.94174	0.10682	0.53901	6.582022831	1	6.244671	4	-16.381181	-71.230912
"482"	"130"	0	22.675	0.545705792	-0.140019896	0	0.6415	0	1.738859802	1.22	2.090869039	0.53665673	6.5	3.059909792	"25"	5.17712	2.94174	0.10682	0.53901	6.582022831	1	6.244671	4	-16.381181	-71.230912
"49"	"132"	0	12.075	0.53135565	-0.730588667	0	0.542	0	1.726507154	1.33	2.619918022	1.952905316	5.6	3.105552359	"60"	2.72303	1.86895	0.14551	0.42044	3.927998174	1	5.138218	5	-16.355108	-70.943616
"491"	"132"	0	12.075	0.53135565	-0.730588667	0	0.542	0	1.726507154	1.33	2.619918022	1.952905316	5.6	3.105552359	"60"	2.72303	1.86895	0.14551	0.42044	3.927998174	1	5.138218	5	-16.355108	-70.943616
"492"	"132"	0	12.075	0.53135565	-0.730588667	0	0.542	0	1.726507154	1.33	2.619918022	1.952905316	5.6	3.105552359	"60"	2.72303	1.86895	0.14551	0.42044	3.927998174	1	5.138218	5	-16.355108	-70.943616
"50"	"133"	0	13.05	0.499934632	-0.293301022	0	0.583	24.92236231	1.694745554	1.33	2.421414542	0.812767657	6.5	3.093072985	"50"	1	2.04405	0.07954	0.6126	4.620754338	1	5.647372	6	-16.434337	-71.014039
"501"	"133"	0	13.05	0.499934632	-0.293301022	0	0.583	24.92236231	1.694745554	1.33	2.421414542	0.812767657	6.5	3.093072985	"50"	1	2.04405	0.07954	0.6126	4.620754338	1	5.647372	6	-16.434337	-71.014039
"502"	"133"	0	13.05	0.499934632	-0.293301022	0	0.583	24.92236231	1.694745554	1.33	2.421414542	0.812767657	6.5	3.093072985	"50"	1	2.04405	0.07954	0.6126	4.620754338	1	5.647372	6	-16.434337	-71.014039
"51"	"134"	0	46	0.558041771	0.420503075	1	0.649	41.01855793	2.07206967	2.64	1.776295492	0.210308805	4.5	2.050886969	"11.11111111"	17.65994	1.13349	9.42292	19.48243	12.65225228	1	8.161328111	17	39.048539	-2.230433
"512"	"134"	0	46	0.558041771	0.420503075	1	0.649	41.01855793	2.07206967	2.64	1.776295492	0.210308805	4.5	2.050886969	"11.11111111"	17.65994	1.13349	9.42292	19.48243	12.65225228	1	8.161328111	17	39.048539	-2.230433
"513"	"134"	0	46	0.558041771	0.420503075	1	0.649	41.01855793	2.07206967	2.64	1.776295492	0.210308805	4.5	2.050886969	"11.11111111"	17.65994	1.13349	9.42292	19.48243	12.65225228	1	8.161328111	17	39.048539	-2.230433
"52"	"135"	1	46.5	0.650664369	0.501565431	1	0.649	2.455357143	1.92828829	1.69	1.72864684	0.224610126	4.5	2.407302577	"11.11111111"	17.65994	1.13349	9.42292	19.48243	12.0068403	1	8.241896321	11	39.048208	-2.2306
"521"	"135"	1	46.5	0.650664369	0.501565431	1	0.649	2.455357143	1.92828829	1.69	1.72864684	0.224610126	4.5	2.407302577	"11.11111111"	17.65994	1.13349	9.42292	19.48243	12.0068403	1	8.241896321	11	39.048208	-2.2306
"522"	"135"	1	46.5	0.650664369	0.501565431	1	0.649	2.455357143	1.92828829	1.69	1.72864684	0.224610126	4.5	2.407302577	"11.11111111"	17.65994	1.13349	9.42292	19.48243	12.0068403	1	8.241896321	11	39.048208	-2.2306
"53"	"136"	1	53.91666667	0.670198274	0.508082537	1	0.6088	55.88439324	2.065758922	3.22	1.749780167	0.150716589	20.75	2.589731398	"11.11111111"	29.07776	8.81234	2.79582	1.97914	14.6223552	1	8.092471577	8	40.326739	-3.423919
"531"	"136"	1	53.91666667	0.670198274	0.508082537	1	0.6088	55.88439324	2.065758922	3.22	1.749780167	0.150716589	20.75	2.589731398	"11.11111111"	29.07776	8.81234	2.79582	1.97914	14.6223552	1	8.092471577	8	40.326739	-3.423919
"532"	"136"	1	53.91666667	0.670198274	0.508082537	1	0.6088	55.88439324	2.065758922	3.22	1.749780167	0.150716589	20.75	2.589731398	"11.11111111"	29.07776	8.81234	2.79582	1.97914	14.6223552	1	8.092471577	8	40.326739	-3.423919
"54"	"137"	1	49.8	0.614978208	0.605824508	1	0.6125	19.79732594	1.895483321	2.65	1.951723983	0.185815452	18.75	2.716081913	"11.11111111"	35.10406	8.52876	2.51306	2.02479	13.42404173	1	8.24444784	12	40.319992	-3.426836
"541"	"137"	1	49.8	0.614978208	0.605824508	1	0.6125	19.79732594	1.895483321	2.65	1.951723983	0.185815452	18.75	2.716081913	"11.11111111"	35.10406	8.52876	2.51306	2.02479	13.42404173	1	8.24444784	12	40.319992	-3.426836
"542"	"137"	1	49.8	0.614978208	0.605824508	1	0.6125	19.79732594	1.895483321	2.65	1.951723983	0.185815452	18.75	2.716081913	"11.11111111"	35.10406	8.52876	2.51306	2.02479	13.42404173	1	8.24444784	12	40.319992	-3.426836
"55"	"138"	1	26.375	0.614728549	-0.382879304	0	0.6299	29.74054077	1.888970952	3.61	2.067621155	0.627681123	20.5	2.801197436	NA	28.79356	18.3926	4.17672	4.17754	9.414618933	1	7.747824742	14	40.248308	-3.256568
"551"	"138"	1	26.375	0.614728549	-0.382879304	0	0.6299	29.74054077	1.888970952	3.61	2.067621155	0.627681123	20.5	2.801197436	NA	28.79356	18.3926	4.17672	4.17754	9.414618933	1	7.747824742	14	40.248308	-3.256568
"552"	"138"	1	26.375	0.614728549	-0.382879304	0	0.6299	29.74054077	1.888970952	3.61	2.067621155	0.627681123	20.5	2.801197436	NA	28.79356	18.3926	4.17672	4.17754	9.414618933	1	7.747824742	14	40.248308	-3.256568
"56"	"139"	1	36.79166667	0.727562001	0.423366234	1	0.7235	17.95403358	1.927370363	4.94	1.768285969	0.192214187	21	2.659111109	"13.15789474"	10.38363	5.73057	28.40114	95.74034	12.0627623	1	8.05896843	30	37.799231	-1.303834
"561"	"139"	1	36.79166667	0.727562001	0.423366234	1	0.7235	17.95403358	1.927370363	4.94	1.768285969	0.192214187	21	2.659111109	"13.15789474"	10.38363	5.73057	28.40114	95.74034	12.0627623	1	8.05896843	30	37.799231	-1.303834
"562"	"139"	1	36.79166667	0.727562001	0.423366234	1	0.7235	17.95403358	1.927370363	4.94	1.768285969	0.192214187	21	2.659111109	"13.15789474"	10.38363	5.73057	28.40114	95.74034	12.0627623	1	8.05896843	30	37.799231	-1.303834
"57"	"140"	1	36.75	0.701696025	0.426549174	1	0.7096	21.21295036	1.816672066	5.35	1.948905881	0.198345787	15.75	2.671696265	"13.15789474"	10.38363	1.49947	43.65111	112.21664	12.70623949	1	8.103906844	27	37.800317	-1.305428
"571"	"140"	1	36.75	0.701696025	0.426549174	1	0.7096	21.21295036	1.816672066	5.35	1.948905881	0.198345787	15.75	2.671696265	"13.15789474"	10.38363	1.49947	43.65111	112.21664	12.70623949	1	8.103906844	27	37.800317	-1.305428
"572"	"140"	1	36.75	0.701696025	0.426549174	1	0.7096	21.21295036	1.816672066	5.35	1.948905881	0.198345787	15.75	2.671696265	"13.15789474"	10.38363	1.49947	43.65111	112.21664	12.70623949	1	8.103906844	27	37.800317	-1.305428
"58"	"143"	0	29.71666667	0.398086059	0.068444118	1	0.639	16.2567116	1.94047664	2.61	2.347508718	0.299463615	27.5	2.749798412	NA	13.83365	10.51494	2.02174	2.48323	15.74310511	1	8.038393047	10	40.143317	-3.132942
"581"	"143"	0	29.71666667	0.398086059	0.068444118	1	0.639	16.2567116	1.94047664	2.61	2.347508718	0.299463615	27.5	2.749798412	NA	13.83365	10.51494	2.02174	2.48323	15.74310511	1	8.038393047	10	40.143317	-3.132942
"582"	"143"	0	29.71666667	0.398086059	0.068444118	1	0.639	16.2567116	1.94047664	2.61	2.347508718	0.299463615	27.5	2.749798412	NA	13.83365	10.51494	2.02174	2.48323	15.74310511	1	8.038393047	10	40.143317	-3.132942
"59"	"146"	1	57.85833333	0.719703818	0.715955644	1	0.6212	12.99297376	1.97379726	4	1.797179713	0.264105367	14.75	2.767878548	"22.72727273"	14.2372	8.62647	2.39338	2.26461	13.36861699	1	8.043198909	17	40.208839	-3.418192
"591"	"146"	1	57.85833333	0.719703818	0.715955644	1	0.6212	12.99297376	1.97379726	4	1.797179713	0.264105367	14.75	2.767878548	"22.72727273"	14.2372	8.62647	2.39338	2.26461	13.36861699	1	8.043198909	17	40.208839	-3.418192
"592"	"146"	1	57.85833333	0.719703818	0.715955644	1	0.6212	12.99297376	1.97379726	4	1.797179713	0.264105367	14.75	2.767878548	"22.72727273"	14.2372	8.62647	2.39338	2.26461	13.36861699	1	8.043198909	17	40.208839	-3.418192
"60"	"147"	1	63.87666667	0.779135777	0.655326369	1	0.6212	0	1.939329519	1.44	1.782469987	0.264105367	22	2.698083213	"22.72727273"	14.2372	8.62647	2.39338	2.26461	15.2697362	1	8.076700863	14	40.208781	-3.419164
"601"	"147"	1	63.87666667	0.779135777	0.655326369	1	0.6212	0	1.939329519	1.44	1.782469987	0.264105367	22	2.698083213	"22.72727273"	14.2372	8.62647	2.39338	2.26461	15.2697362	1	8.076700863	14	40.208781	-3.419164
"602"	"147"	1	63.87666667	0.779135777	0.655326369	1	0.6212	0	1.939329519	1.44	1.782469987	0.264105367	22	2.698083213	"22.72727273"	14.2372	8.62647	2.39338	2.26461	15.2697362	1	8.076700863	14	40.208781	-3.419164
"61"	"148"	1	66.75833333	0.686099431	0.171862942	1	0.6449	48.43514094	2.098754448	3.35	1.803646477	0.34775703	14.5	2.802182425	NA	27.95581	10.18717	2.44552	2.09954	14.27291152	1	8.059868209	10	39.992575	-3.622536
"612"	"148"	1	66.75833333	0.686099431	0.171862942	1	0.6449	48.43514094	2.098754448	3.35	1.803646477	0.34775703	14.5	2.802182425	NA	27.95581	10.18717	2.44552	2.09954	14.27291152	1	8.059868209	10	39.992575	-3.622536
"613"	"148"	1	66.75833333	0.686099431	0.171862942	1	0.6449	48.43514094	2.098754448	3.35	1.803646477	0.34775703	14.5	2.802182425	NA	27.95581	10.18717	2.44552	2.09954	14.27291152	1	8.059868209	10	39.992575	-3.622536
"62"	"149"	1	48.70833333	0.807150558	0.66688942	1	0.6449	3.447689506	1.94846187	1.34	1.817985555	0.209340276	10.25	2.599509456	NA	32.12239	10.18717	2.44552	2.09954	11.87001231	1	8.104759837	7	39.992036	-3.618947
"621"	"149"	1	48.70833333	0.807150558	0.66688942	1	0.6449	3.447689506	1.94846187	1.34	1.817985555	0.209340276	10.25	2.599509456	NA	32.12239	10.18717	2.44552	2.09954	11.87001231	1	8.104759837	7	39.992036	-3.618947
"622"	"149"	1	48.70833333	0.807150558	0.66688942	1	0.6449	3.447689506	1.94846187	1.34	1.817985555	0.209340276	10.25	2.599509456	NA	32.12239	10.18717	2.44552	2.09954	11.87001231	1	8.104759837	7	39.992036	-3.618947
"63"	"150"	0	14.85833333	0.439291576	0.196420397	1	0.6481	16.91593316	1.89709902	3.67	2.609560058	0.22976461	16.5	2.792307915	NA	27.95581	9.72477	2.17632	2.75497	10.50136152	1	7.750108085	10	39.990464	-3.623103
"631"	"150"	0	14.85833333	0.439291576	0.196420397	1	0.6481	16.91593316	1.89709902	3.67	2.609560058	0.22976461	16.5	2.792307915	NA	27.95581	9.72477	2.17632	2.75497	10.50136152	1	7.750108085	10	39.990464	-3.623103
"632"	"150"	0	14.85833333	0.439291576	0.196420397	1	0.6481	16.91593316	1.89709902	3.67	2.609560058	0.22976461	16.5	2.792307915	NA	27.95581	9.72477	2.17632	2.75497	10.50136152	1	7.750108085	10	39.990464	-3.623103
"64"	"151"	1	48.75	0.702274901	0.558737442	1	0.68	35.9932996	1.971772034	5.33	1.861748458	0.291458919	2.875	2.594232462	"9.375"	9.23418	5.00025	15.206	96.72284	14.69976209	1	7.513555556	23	37.821644	-1.672294
"641"	"151"	1	48.75	0.702274901	0.558737442	1	0.68	35.9932996	1.971772034	5.33	1.861748458	0.291458919	2.875	2.594232462	"9.375"	9.23418	5.00025	15.206	96.72284	14.69976209	1	7.513555556	23	37.821644	-1.672294
"642"	"151"	1	48.75	0.702274901	0.558737442	1	0.68	35.9932996	1.971772034	5.33	1.861748458	0.291458919	2.875	2.594232462	"9.375"	9.23418	5.00025	15.206	96.72284	14.69976209	1	7.513555556	23	37.821644	-1.672294
"65"	"152"	1	44.91666667	0.69230091	0.317394655	1	0.68	15.12216677	1.92622408	3.53	1.740828645	0.167171715	1.25	2.631417381	"9.375"	6.65987	5.00025	15.206	96.72284	13.13324461	1	7.609371667	20	37.821156	-1.673747
"651"	"152"	1	44.91666667	0.69230091	0.317394655	1	0.68	15.12216677	1.92622408	3.53	1.740828645	0.167171715	1.25	2.631417381	"9.375"	6.65987	5.00025	15.206	96.72284	13.13324461	1	7.609371667	20	37.821156	-1.673747
"652"	"152"	1	44.91666667	0.69230091	0.317394655	1	0.68	15.12216677	1.92622408	3.53	1.740828645	0.167171715	1.25	2.631417381	"9.375"	6.65987	5.00025	15.206	96.72284	13.13324461	1	7.609371667	20	37.821156	-1.673747
"66"	"153"	1	56.63333333	0.703805385	1.068982722	1	0.6186	21.21013065	2.050449362	2.68	2.003122898	0.808629611	17.75	2.673180879	"14.28571429"	9.6448	14.6434	4.71958	2.79362	13.95458569	1	8.148430611	14	40.1861	-3.503464
"661"	"153"	1	56.63333333	0.703805385	1.068982722	1	0.6186	21.21013065	2.050449362	2.68	2.003122898	0.808629611	17.75	2.673180879	"14.28571429"	9.6448	14.6434	4.71958	2.79362	13.95458569	1	8.148430611	14	40.1861	-3.503464
"662"	"153"	1	56.63333333	0.703805385	1.068982722	1	0.6186	21.21013065	2.050449362	2.68	2.003122898	0.808629611	17.75	2.673180879	"14.28571429"	9.6448	14.6434	4.71958	2.79362	13.95458569	1	8.148430611	14	40.1861	-3.503464
"67"	"154"	1	67.23333333	0.848864736	0.173275692	1	0.6186	0	1.954777809	1.05	1.49698567	0.267081504	17.5	2.730887428	NA	9.6448	14.6434	4.71958	2.79362	14.44649857	1	8.080286429	5	40.186011	-3.502865
"671"	"154"	1	67.23333333	0.848864736	0.173275692	1	0.6186	0	1.954777809	1.05	1.49698567	0.267081504	17.5	2.730887428	NA	9.6448	14.6434	4.71958	2.79362	14.44649857	1	8.080286429	5	40.186011	-3.502865
"672"	"154"	1	67.23333333	0.848864736	0.173275692	1	0.6186	0	1.954777809	1.05	1.49698567	0.267081504	17.5	2.730887428	NA	9.6448	14.6434	4.71958	2.79362	14.44649857	1	8.080286429	5	40.186011	-3.502865
"68"	"155"	1	33.18333333	0.636821754	-0.536306126	0	0.6396	5.637771105	1.926784749	2.03	2.135656052	0.590970437	27.75	2.701835249	NA	5.67245	10.1643	6.66658	80.44044	7.405946398	1	7.713335471	14	40.041404	-3.211618
"681"	"155"	1	33.18333333	0.636821754	-0.536306126	0	0.6396	5.637771105	1.926784749	2.03	2.135656052	0.590970437	27.75	2.701835249	NA	5.67245	10.1643	6.66658	80.44044	7.405946398	1	7.713335471	14	40.041404	-3.211618
"682"	"155"	1	33.18333333	0.636821754	-0.536306126	0	0.6396	5.637771105	1.926784749	2.03	2.135656052	0.590970437	27.75	2.701835249	NA	5.67245	10.1643	6.66658	80.44044	7.405946398	1	7.713335471	14	40.041404	-3.211618
"69"	"156"	1	62.775	0.597326969	0.531181487	1	0.6412	59.21187241	1.774516966	6.2	1.733070616	0.225356934	3.5	2.725068039	"22.22222222"	10.88294	0.7918	7.11801	9.95895	16.54128456	1	8.12325873	16	39.208778	-2.514086
"691"	"156"	1	62.775	0.597326969	0.531181487	1	0.6412	59.21187241	1.774516966	6.2	1.733070616	0.225356934	3.5	2.725068039	"22.22222222"	10.88294	0.7918	7.11801	9.95895	16.54128456	1	8.12325873	16	39.208778	-2.514086
"692"	"156"	1	62.775	0.597326969	0.531181487	1	0.6412	59.21187241	1.774516966	6.2	1.733070616	0.225356934	3.5	2.725068039	"22.22222222"	10.88294	0.7918	7.11801	9.95895	16.54128456	1	8.12325873	16	39.208778	-2.514086
"70"	"157"	1	48.25	0.635016619	0.64164735	1	0.6446	59.67381555	2.317120645	4.23	1.590936006	0.373186228	1.75	2.633379441	"22.22222222"	4.97568	0.88819	5.10738	12.92662	15.16499664	1	8.157547074	15	39.207539	-2.514767
"701"	"157"	1	48.25	0.635016619	0.64164735	1	0.6446	59.67381555	2.317120645	4.23	1.590936006	0.373186228	1.75	2.633379441	"22.22222222"	4.97568	0.88819	5.10738	12.92662	15.16499664	1	8.157547074	15	39.207539	-2.514767
"702"	"157"	1	48.25	0.635016619	0.64164735	1	0.6446	59.67381555	2.317120645	4.23	1.590936006	0.373186228	1.75	2.633379441	"22.22222222"	4.97568	0.88819	5.10738	12.92662	15.16499664	1	8.157547074	15	39.207539	-2.514767
"71"	"158"	0	36.19117647	0.541887535	0.779828387	1	0.6016	33.66537573	1.937051251	7.01	2.116924628	0.489176586	14.5	2.680338054	"10.63829787"	11.47939	3.17298	12.5791	96.62157	15.0892938	1	8.162550993	39	38.588222	-1.203783
"712"	"158"	0	36.19117647	0.541887535	0.779828387	1	0.6016	33.66537573	1.937051251	7.01	2.116924628	0.489176586	14.5	2.680338054	"10.63829787"	11.47939	3.17298	12.5791	96.62157	15.0892938	1	8.162550993	39	38.588222	-1.203783
"713"	"158"	0	36.19117647	0.541887535	0.779828387	1	0.6016	33.66537573	1.937051251	7.01	2.116924628	0.489176586	14.5	2.680338054	"10.63829787"	11.47939	3.17298	12.5791	96.62157	15.0892938	1	8.162550993	39	38.588222	-1.203783
"72"	"159"	0	42.29166667	0.525172518	1.007203343	1	0.6058	30.06121511	1.860379936	6.5	1.981202637	0.915542584	18.5	2.813125605	"10.63829787"	11.47939	3.36007	14.39501	106.65186	17.54274937	1	8.140838009	27	38.588606	-1.199478
"721"	"159"	0	42.29166667	0.525172518	1.007203343	1	0.6058	30.06121511	1.860379936	6.5	1.981202637	0.915542584	18.5	2.813125605	"10.63829787"	11.47939	3.36007	14.39501	106.65186	17.54274937	1	8.140838009	27	38.588606	-1.199478
"722"	"159"	0	42.29166667	0.525172518	1.007203343	1	0.6058	30.06121511	1.860379936	6.5	1.981202637	0.915542584	18.5	2.813125605	"10.63829787"	11.47939	3.36007	14.39501	106.65186	17.54274937	1	8.140838009	27	38.588606	-1.199478
"8"	"16"	0	18.46666667	0.303644826	-0.737160482	0	0.9173	100	NA	1.78	2.651721565	0.284416409	1	3.090145512	NA	14.53468	0.02391	1.18221	0.00032	8.911958186	2	9.00925498	3	-31.704389	-68.1523
"810"	"16"	0	18.46666667	0.303644826	-0.737160482	0	0.9173	100	NA	1.78	2.651721565	0.284416409	1	3.090145512	NA	14.53468	0.02391	1.18221	0.00032	8.911958186	2	9.00925498	3	-31.704389	-68.1523
"811"	"16"	0	18.46666667	0.303644826	-0.737160482	0	0.9173	100	NA	1.78	2.651721565	0.284416409	1	3.090145512	NA	14.53468	0.02391	1.18221	0.00032	8.911958186	2	9.00925498	3	-31.704389	-68.1523
"73"	"162"	0	31.16666667	0.310442167	0.417653673	1	0.6376	77.74226148	1.865808465	3.52	2.440608782	0.163956025	16.25	2.740557828	"20"	16.49066	0.67419	6.45292	16.88837	13.60038537	2	8.349506693	15	38.791855	-1.717695
"731"	"162"	0	31.16666667	0.310442167	0.417653673	1	0.6376	77.74226148	1.865808465	3.52	2.440608782	0.163956025	16.25	2.740557828	"20"	16.49066	0.67419	6.45292	16.88837	13.60038537	2	8.349506693	15	38.791855	-1.717695
"732"	"162"	0	31.16666667	0.310442167	0.417653673	1	0.6376	77.74226148	1.865808465	3.52	2.440608782	0.163956025	16.25	2.740557828	"20"	16.49066	0.67419	6.45292	16.88837	13.60038537	2	8.349506693	15	38.791855	-1.717695
"74"	"163"	1	55.26706664	0.613570187	-0.261206359	0	0.5937	93.3234643	NA	4.9	1.912562608	0.600280368	14.75	2.747554065	NA	3.63007	1.04249	2.87899	9.90896	12.37221538	2	8.169498189	15	39.877405	-2.78807
"741"	"163"	1	55.26706664	0.613570187	-0.261206359	0	0.5937	93.3234643	NA	4.9	1.912562608	0.600280368	14.75	2.747554065	NA	3.63007	1.04249	2.87899	9.90896	12.37221538	2	8.169498189	15	39.877405	-2.78807
"742"	"163"	1	55.26706664	0.613570187	-0.261206359	0	0.5937	93.3234643	NA	4.9	1.912562608	0.600280368	14.75	2.747554065	NA	3.63007	1.04249	2.87899	9.90896	12.37221538	2	8.169498189	15	39.877405	-2.78807
"75"	"164"	0	25.89076577	0.529003108	0.221465511	1	0.7095	86.88463233	1.842696589	13.02	1.826807567	0.232813467	18.75	2.934550957	"22.72727273"	30.87538	0.30999	6.80334	13.03181	15.12714688	2	8.439678508	22	38.310264	-0.755069
"751"	"164"	0	25.89076577	0.529003108	0.221465511	1	0.7095	86.88463233	1.842696589	13.02	1.826807567	0.232813467	18.75	2.934550957	"22.72727273"	30.87538	0.30999	6.80334	13.03181	15.12714688	2	8.439678508	22	38.310264	-0.755069
"752"	"164"	0	25.89076577	0.529003108	0.221465511	1	0.7095	86.88463233	1.842696589	13.02	1.826807567	0.232813467	18.75	2.934550957	"22.72727273"	30.87538	0.30999	6.80334	13.03181	15.12714688	2	8.439678508	22	38.310264	-0.755069
"76"	"165"	1	41.93005051	0.596592527	0.323591189	1	0.6435	100	2.202153067	2.06	1.713011343	0.226424794	8.25	2.704608423	"11.11111111"	9.79191	1.11833	9.99577	20.05486	10.5281747	2	8.307071634	9	39.038238	-2.257905
"761"	"165"	1	41.93005051	0.596592527	0.323591189	1	0.6435	100	2.202153067	2.06	1.713011343	0.226424794	8.25	2.704608423	"11.11111111"	9.79191	1.11833	9.99577	20.05486	10.5281747	2	8.307071634	9	39.038238	-2.257905
"762"	"165"	1	41.93005051	0.596592527	0.323591189	1	0.6435	100	2.202153067	2.06	1.713011343	0.226424794	8.25	2.704608423	"11.11111111"	9.79191	1.11833	9.99577	20.05486	10.5281747	2	8.307071634	9	39.038238	-2.257905
"77"	"166"	0	15.16666667	0.382735335	-0.053579003	0	0.5978	95.51282051	1.864226204	1.8	2.22923963	0.474125106	6.2313	2.793585595	"15.38461538"	16.1064	0.49213	7.88415	17.26167	8.021206738	2	8.36793977	13	39.009951	-2.66289
"771"	"166"	0	15.16666667	0.382735335	-0.053579003	0	0.5978	95.51282051	1.864226204	1.8	2.22923963	0.474125106	6.2313	2.793585595	"15.38461538"	16.1064	0.49213	7.88415	17.26167	8.021206738	2	8.36793977	13	39.009951	-2.66289
"772"	"166"	0	15.16666667	0.382735335	-0.053579003	0	0.5978	95.51282051	1.864226204	1.8	2.22923963	0.474125106	6.2313	2.793585595	"15.38461538"	16.1064	0.49213	7.88415	17.26167	8.021206738	2	8.36793977	13	39.009951	-2.66289
"78"	"167"	0	28.5	0.550036507	-0.566711699	0	0.7204	98.82352999	1.567778962	5.88	2.323323318	0.523807958	14	2.555077152	"33.33333333"	12.12151	6.30552	14.06553	161.98135	9.209767653	2	7.730498737	12	38.165086	-1.508991
"781"	"167"	0	28.5	0.550036507	-0.566711699	0	0.7204	98.82352999	1.567778962	5.88	2.323323318	0.523807958	14	2.555077152	"33.33333333"	12.12151	6.30552	14.06553	161.98135	9.209767653	2	7.730498737	12	38.165086	-1.508991
"782"	"167"	0	28.5	0.550036507	-0.566711699	0	0.7204	98.82352999	1.567778962	5.88	2.323323318	0.523807958	14	2.555077152	"33.33333333"	12.12151	6.30552	14.06553	161.98135	9.209767653	2	7.730498737	12	38.165086	-1.508991
"79"	"168"	0	27.08333333	0.510359883	-0.268886802	0	0.7137	81.9023569	1.758639427	4.7	2.262956749	0.45373634	0.5	2.934404591	"23.07692308"	12.25091	3.75942	28.88791	147.896	13.98069692	2	8.628823673	13	37.721332	-1.836988
"791"	"168"	0	27.08333333	0.510359883	-0.268886802	0	0.7137	81.9023569	1.758639427	4.7	2.262956749	0.45373634	0.5	2.934404591	"23.07692308"	12.25091	3.75942	28.88791	147.896	13.98069692	2	8.628823673	13	37.721332	-1.836988
"792"	"168"	0	27.08333333	0.510359883	-0.268886802	0	0.7137	81.9023569	1.758639427	4.7	2.262956749	0.45373634	0.5	2.934404591	"23.07692308"	12.25091	3.75942	28.88791	147.896	13.98069692	2	8.628823673	13	37.721332	-1.836988
"80"	"169"	1	63.97657177	0.76100741	0.676396043	1	0.5907	97.80485473	2.070957228	6.37	1.867070387	0.323498447	21	2.637054434	"17.64705882"	3.04499	1.60241	1.93602	0.87147	13.9471178	2	8.277973339	34	40.158302	-2.8891
"801"	"169"	1	63.97657177	0.76100741	0.676396043	1	0.5907	97.80485473	2.070957228	6.37	1.867070387	0.323498447	21	2.637054434	"17.64705882"	3.04499	1.60241	1.93602	0.87147	13.9471178	2	8.277973339	34	40.158302	-2.8891
"802"	"169"	1	63.97657177	0.76100741	0.676396043	1	0.5907	97.80485473	2.070957228	6.37	1.867070387	0.323498447	21	2.637054434	"17.64705882"	3.04499	1.60241	1.93602	0.87147	13.9471178	2	8.277973339	34	40.158302	-2.8891
"9"	"17"	1	45.58542753	0.660437699	-0.216846309	0	0.7918	99.95877921	NA	4.02	1.668383568	0.220904815	1	3.017242971	NA	17.36938	0.46339	2.48588	0.02	12.62935413	2	8.559437302	7	-31.390807	-66.970198
"910"	"17"	1	45.58542753	0.660437699	-0.216846309	0	0.7918	99.95877921	NA	4.02	1.668383568	0.220904815	1	3.017242971	NA	17.36938	0.46339	2.48588	0.02	12.62935413	2	8.559437302	7	-31.390807	-66.970198
"911"	"17"	1	45.58542753	0.660437699	-0.216846309	0	0.7918	99.95877921	NA	4.02	1.668383568	0.220904815	1	3.017242971	NA	17.36938	0.46339	2.48588	0.02	12.62935413	2	8.559437302	7	-31.390807	-66.970198
"81"	"170"	1	57.875	0.826307466	-0.113908502	0	0.7188	80.98114486	1.805330913	3.78	1.85733214	0.395518026	2.3409	2.458397933	"23.07692308"	11.96173	6.0768	17.26129	105.37849	11.98414118	2	8.441888982	13	37.923184	-1.470172
"812"	"170"	1	57.875	0.826307466	-0.113908502	0	0.7188	80.98114486	1.805330913	3.78	1.85733214	0.395518026	2.3409	2.458397933	"23.07692308"	11.96173	6.0768	17.26129	105.37849	11.98414118	2	8.441888982	13	37.923184	-1.470172
"813"	"170"	1	57.875	0.826307466	-0.113908502	0	0.7188	80.98114486	1.805330913	3.78	1.85733214	0.395518026	2.3409	2.458397933	"23.07692308"	11.96173	6.0768	17.26129	105.37849	11.98414118	2	8.441888982	13	37.923184	-1.470172
"82"	"171"	1	46.70833333	0.692098333	0.153544194	1	0.7159	99.35897436	1.794118425	2.74	1.909141746	0.235167235	9.1491	2.861635675	"20"	8.01268	3.74654	36.0797	166.10715	14.12756648	2	8.253419043	10	37.726728	-1.784601
"821"	"171"	1	46.70833333	0.692098333	0.153544194	1	0.7159	99.35897436	1.794118425	2.74	1.909141746	0.235167235	9.1491	2.861635675	"20"	8.01268	3.74654	36.0797	166.10715	14.12756648	2	8.253419043	10	37.726728	-1.784601
"822"	"171"	1	46.70833333	0.692098333	0.153544194	1	0.7159	99.35897436	1.794118425	2.74	1.909141746	0.235167235	9.1491	2.861635675	"20"	8.01268	3.74654	36.0797	166.10715	14.12756648	2	8.253419043	10	37.726728	-1.784601
"83"	"172"	1	27.62100457	0.699276848	0.390841222	1	0.6662	92.09383045	1.980644108	7.53	1.792815316	0.189037671	15.4	2.506899695	"14.28571429"	8.26918	0.32914	7.7013	24.30478	13.84764241	2	8.310365526	21	38.308579	-0.963246
"831"	"172"	1	27.62100457	0.699276848	0.390841222	1	0.6662	92.09383045	1.980644108	7.53	1.792815316	0.189037671	15.4	2.506899695	"14.28571429"	8.26918	0.32914	7.7013	24.30478	13.84764241	2	8.310365526	21	38.308579	-0.963246
"832"	"172"	1	27.62100457	0.699276848	0.390841222	1	0.6662	92.09383045	1.980644108	7.53	1.792815316	0.189037671	15.4	2.506899695	"14.28571429"	8.26918	0.32914	7.7013	24.30478	13.84764241	2	8.310365526	21	38.308579	-0.963246
"84"	"173"	1	56.20833333	0.713428975	0.100155634	1	0.5921	93.97853736	1.860523665	4	1.833858945	0.278379289	12.75	2.61800331	"27.27272727"	28.33085	12.50157	2.42926	1.93368	10.65884633	2	8.291007917	11	40.36936	-3.388677
"841"	"173"	1	56.20833333	0.713428975	0.100155634	1	0.5921	93.97853736	1.860523665	4	1.833858945	0.278379289	12.75	2.61800331	"27.27272727"	28.33085	12.50157	2.42926	1.93368	10.65884633	2	8.291007917	11	40.36936	-3.388677
"842"	"173"	1	56.20833333	0.713428975	0.100155634	1	0.5921	93.97853736	1.860523665	4	1.833858945	0.278379289	12.75	2.61800331	"27.27272727"	28.33085	12.50157	2.42926	1.93368	10.65884633	2	8.291007917	11	40.36936	-3.388677
"85"	"174"	0	44.25	0.535847008	-0.03292192	0	0.7588	97.86585366	1.877785859	3.02	1.946940497	0.359036142	4.25	2.585344427	"18.18181818"	35.67412	3.39545	35.54844	79.44103	9.772607381	2	8.37092	11	37.593066	-1.232379
"851"	"174"	0	44.25	0.535847008	-0.03292192	0	0.7588	97.86585366	1.877785859	3.02	1.946940497	0.359036142	4.25	2.585344427	"18.18181818"	35.67412	3.39545	35.54844	79.44103	9.772607381	2	8.37092	11	37.593066	-1.232379
"852"	"174"	0	44.25	0.535847008	-0.03292192	0	0.7588	97.86585366	1.877785859	3.02	1.946940497	0.359036142	4.25	2.585344427	"18.18181818"	35.67412	3.39545	35.54844	79.44103	9.772607381	2	8.37092	11	37.593066	-1.232379
"86"	"175"	1	34.19521638	0.625196501	0.151232007	1	0.5851	98.125	2.014096117	7.32	1.667747952	0.19497451	8.5	2.732182099	"18.18181818"	11.15259	0.62394	1.92588	11.04987	8.817052665	2	8.355233156	22	39.538668	-1.802287
"861"	"175"	1	34.19521638	0.625196501	0.151232007	1	0.5851	98.125	2.014096117	7.32	1.667747952	0.19497451	8.5	2.732182099	"18.18181818"	11.15259	0.62394	1.92588	11.04987	8.817052665	2	8.355233156	22	39.538668	-1.802287
"862"	"175"	1	34.19521638	0.625196501	0.151232007	1	0.5851	98.125	2.014096117	7.32	1.667747952	0.19497451	8.5	2.732182099	"18.18181818"	11.15259	0.62394	1.92588	11.04987	8.817052665	2	8.355233156	22	39.538668	-1.802287
"87"	"176"	1	34.43243243	0.718200707	0.340011719	1	0.7206	97.77777808	1.733261481	4.53	1.999802691	0.191991992	7.75	2.724161212	"11.76470588"	14.34358	0	0	0	15.48364089	2	8.290087567	17	38.065532	-1.527039
"871"	"176"	1	34.43243243	0.718200707	0.340011719	1	0.7206	97.77777808	1.733261481	4.53	1.999802691	0.191991992	7.75	2.724161212	"11.76470588"	14.34358	0	0	0	15.48364089	2	8.290087567	17	38.065532	-1.527039
"872"	"176"	1	34.43243243	0.718200707	0.340011719	1	0.7206	97.77777808	1.733261481	4.53	1.999802691	0.191991992	7.75	2.724161212	"11.76470588"	14.34358	0	0	0	15.48364089	2	8.290087567	17	38.065532	-1.527039
"88"	"177"	1	40.58333333	0.583021422	0.217595511	1	0.6453	81.51190171	2.030652336	2.84	1.749236033	0.21108439	11.75	2.70756917	NA	19.12033	0.89065	8.2484	12.88264	13.98894297	2	8.329126369	7	39.127509	-2.345141
"881"	"177"	1	40.58333333	0.583021422	0.217595511	1	0.6453	81.51190171	2.030652336	2.84	1.749236033	0.21108439	11.75	2.70756917	NA	19.12033	0.89065	8.2484	12.88264	13.98894297	2	8.329126369	7	39.127509	-2.345141
"882"	"177"	1	40.58333333	0.583021422	0.217595511	1	0.6453	81.51190171	2.030652336	2.84	1.749236033	0.21108439	11.75	2.70756917	NA	19.12033	0.89065	8.2484	12.88264	13.98894297	2	8.329126369	7	39.127509	-2.345141
"89"	"178"	0	38.5	0.370039093	0.648321848	1	0.5868	95.52987273	1.821166216	4.91	2.272299739	0.200856419	10.75	2.777742432	"9.090909091"	8.31674	0.36497	6.77057	8.48169	13.83672681	2	8.372099467	22	38.765277	-1.020167
"891"	"178"	0	38.5	0.370039093	0.648321848	1	0.5868	95.52987273	1.821166216	4.91	2.272299739	0.200856419	10.75	2.777742432	"9.090909091"	8.31674	0.36497	6.77057	8.48169	13.83672681	2	8.372099467	22	38.765277	-1.020167
"892"	"178"	0	38.5	0.370039093	0.648321848	1	0.5868	95.52987273	1.821166216	4.91	2.272299739	0.200856419	10.75	2.777742432	"9.090909091"	8.31674	0.36497	6.77057	8.48169	13.83672681	2	8.372099467	22	38.765277	-1.020167
"90"	"179"	0	24.13386726	0.526170753	0.308414394	1	0.607	99.19354839	1.840426049	4	2.030367753	0.152676575	3.25	2.709591406	"27.27272727"	12.19596	0.39518	6.32574	18.17434	8.440490583	2	8.32447795	11	39.001486	-2.838135
"901"	"179"	0	24.13386726	0.526170753	0.308414394	1	0.607	99.19354839	1.840426049	4	2.030367753	0.152676575	3.25	2.709591406	"27.27272727"	12.19596	0.39518	6.32574	18.17434	8.440490583	2	8.32447795	11	39.001486	-2.838135
"902"	"179"	0	24.13386726	0.526170753	0.308414394	1	0.607	99.19354839	1.840426049	4	2.030367753	0.152676575	3.25	2.709591406	"27.27272727"	12.19596	0.39518	6.32574	18.17434	8.440490583	2	8.32447795	11	39.001486	-2.838135
"10"	"18"	0	25.50833333	0.509158801	-0.556589721	0	0.8855	99.38455008	2.417021388	2.87	1.706448265	0.233988865	1.5	2.999166995	NA	17.30791	0.01846	1.5729	0.00019	10.13905966	2	9.214378141	6	-31.7189	-67.837306
"1010"	"18"	0	25.50833333	0.509158801	-0.556589721	0	0.8855	99.38455008	2.417021388	2.87	1.706448265	0.233988865	1.5	2.999166995	NA	17.30791	0.01846	1.5729	0.00019	10.13905966	2	9.214378141	6	-31.7189	-67.837306
"1011"	"18"	0	25.50833333	0.509158801	-0.556589721	0	0.8855	99.38455008	2.417021388	2.87	1.706448265	0.233988865	1.5	2.999166995	NA	17.30791	0.01846	1.5729	0.00019	10.13905966	2	9.214378141	6	-31.7189	-67.837306
"91"	"180"	1	57.5	0.66143209	0.226927456	1	0.6224	94.19907999	2.018642256	3.51	1.607972449	0.205966984	4.75	2.551135745	"41.66666667"	10.05236	0.93134	9.06492	14.33553	12.31289729	2	8.229200001	12	39.052994	-2.572251
"912"	"180"	1	57.5	0.66143209	0.226927456	1	0.6224	94.19907999	2.018642256	3.51	1.607972449	0.205966984	4.75	2.551135745	"41.66666667"	10.05236	0.93134	9.06492	14.33553	12.31289729	2	8.229200001	12	39.052994	-2.572251
"913"	"180"	1	57.5	0.66143209	0.226927456	1	0.6224	94.19907999	2.018642256	3.51	1.607972449	0.205966984	4.75	2.551135745	"41.66666667"	10.05236	0.93134	9.06492	14.33553	12.31289729	2	8.229200001	12	39.052994	-2.572251
"92"	"182"	1	62.625	0.846972241	0.351528442	1	0.61	77.23734169	2.016707496	3.69	1.669828873	0.133875597	21.75	2.708635848	"36.36363636"	26.45277	15.97841	2.28869	2.08279	15.01653471	2	8.29384129	11	40.260207	-3.485507
"921"	"182"	1	62.625	0.846972241	0.351528442	1	0.61	77.23734169	2.016707496	3.69	1.669828873	0.133875597	21.75	2.708635848	"36.36363636"	26.45277	15.97841	2.28869	2.08279	15.01653471	2	8.29384129	11	40.260207	-3.485507
"922"	"182"	1	62.625	0.846972241	0.351528442	1	0.61	77.23734169	2.016707496	3.69	1.669828873	0.133875597	21.75	2.708635848	"36.36363636"	26.45277	15.97841	2.28869	2.08279	15.01653471	2	8.29384129	11	40.260207	-3.485507
"93"	"185"	0	50	0.400465326	0.458433664	1	0.5839	91.62460228	1.814587172	5.04	2.06775469	0.118816268	14.75	2.601116048	"21.05263158"	13.30625	0.71046	1.95953	8.73066	11.98533054	2	8.304887218	19	39.86184	-2.543747
"931"	"185"	0	50	0.400465326	0.458433664	1	0.5839	91.62460228	1.814587172	5.04	2.06775469	0.118816268	14.75	2.601116048	"21.05263158"	13.30625	0.71046	1.95953	8.73066	11.98533054	2	8.304887218	19	39.86184	-2.543747
"932"	"185"	0	50	0.400465326	0.458433664	1	0.5839	91.62460228	1.814587172	5.04	2.06775469	0.118816268	14.75	2.601116048	"21.05263158"	13.30625	0.71046	1.95953	8.73066	11.98533054	2	8.304887218	19	39.86184	-2.543747
"94"	"186"	1	36.42442645	0.729592478	-0.322353689	0	0.5688	97.18309859	1.718086295	8.39	1.971181888	0.735319781	21.75	2.601767857	"4.761904762"	11.67501	3.82623	28.44517	11.66512	10.24150196	2	8.210676554	21	37.892359	-1.703185
"941"	"186"	1	36.42442645	0.729592478	-0.322353689	0	0.5688	97.18309859	1.718086295	8.39	1.971181888	0.735319781	21.75	2.601767857	"4.761904762"	11.67501	3.82623	28.44517	11.66512	10.24150196	2	8.210676554	21	37.892359	-1.703185
"942"	"186"	1	36.42442645	0.729592478	-0.322353689	0	0.5688	97.18309859	1.718086295	8.39	1.971181888	0.735319781	21.75	2.601767857	"4.761904762"	11.67501	3.82623	28.44517	11.66512	10.24150196	2	8.210676554	21	37.892359	-1.703185
"95"	"187"	0	22.875	0.512506553	-0.586689422	0	0.8751	59.06705226	2.183662667	5.85	2.06980978	0.261103864	4	2.813235118	"10"	5	0	0	0	5.094937537	1	8.5091473	10	34.494253	9.647121
"951"	"187"	0	22.875	0.512506553	-0.586689422	0	0.8751	59.06705226	2.183662667	5.85	2.06980978	0.261103864	4	2.813235118	"10"	5	0	0	0	5.094937537	1	8.5091473	10	34.494253	9.647121
"952"	"187"	0	22.875	0.512506553	-0.586689422	0	0.8751	59.06705226	2.183662667	5.85	2.06980978	0.261103864	4	2.813235118	"10"	5	0	0	0	5.094937537	1	8.5091473	10	34.494253	9.647121
"96"	"189"	1	15.58333333	0.585822972	-0.59553029	0	0.8402	28.28798186	1.824405724	4.76	2.445658293	0.257118608	22	2.838592394	"10"	8.28333	0.0298	0.34288	1e-05	7.344398026	1	8.478352627	10	33.52157	9.97436
"961"	"189"	1	15.58333333	0.585822972	-0.59553029	0	0.8402	28.28798186	1.824405724	4.76	2.445658293	0.257118608	22	2.838592394	"10"	8.28333	0.0298	0.34288	1e-05	7.344398026	1	8.478352627	10	33.52157	9.97436
"962"	"189"	1	15.58333333	0.585822972	-0.59553029	0	0.8402	28.28798186	1.824405724	4.76	2.445658293	0.257118608	22	2.838592394	"10"	8.28333	0.0298	0.34288	1e-05	7.344398026	1	8.478352627	10	33.52157	9.97436
"97"	"190"	1	41.83333333	0.667673178	-0.215749879	0	0.806	0	1.946063978	1.47	1.886052221	0.230211053	4	2.806838202	"25"	5.25148	0.96358	3.33921	0.00034	7.73389393	1	8.48969	8	35.160036	9.116646
"971"	"190"	1	41.83333333	0.667673178	-0.215749879	0	0.806	0	1.946063978	1.47	1.886052221	0.230211053	4	2.806838202	"25"	5.25148	0.96358	3.33921	0.00034	7.73389393	1	8.48969	8	35.160036	9.116646
"972"	"190"	1	41.83333333	0.667673178	-0.215749879	0	0.806	0	1.946063978	1.47	1.886052221	0.230211053	4	2.806838202	"25"	5.25148	0.96358	3.33921	0.00034	7.73389393	1	8.48969	8	35.160036	9.116646
"98"	"192"	0	11.91666667	0.230316158	-0.631793277	0	0.9037	39.62898141	1.800043124	3.96	3.90886532	0.209171711	1	2.994905039	"0"	10.14067	0	7.94254	0	4.670793039	1	8.504094356	6	32.98347	10.498595
"981"	"192"	0	11.91666667	0.230316158	-0.631793277	0	0.9037	39.62898141	1.800043124	3.96	3.90886532	0.209171711	1	2.994905039	"0"	10.14067	0	7.94254	0	4.670793039	1	8.504094356	6	32.98347	10.498595
"982"	"192"	0	11.91666667	0.230316158	-0.631793277	0	0.9037	39.62898141	1.800043124	3.96	3.90886532	0.209171711	1	2.994905039	"0"	10.14067	0	7.94254	0	4.670793039	1	8.504094356	6	32.98347	10.498595
"99"	"196"	0	33.33333333	0.292321126	0.914236255	1	0.702	24.96325945	1.925167647	4.47	2.956157255	0.614695755	1.5	2.698230265	"0"	13.69168	8.77627	16.96453	0.00012	17.84343618	1	7.853333333	9	35.855417	9.7735
"991"	"196"	0	33.33333333	0.292321126	0.914236255	1	0.702	24.96325945	1.925167647	4.47	2.956157255	0.614695755	1.5	2.698230265	"0"	13.69168	8.77627	16.96453	0.00012	17.84343618	1	7.853333333	9	35.855417	9.7735
"992"	"196"	0	33.33333333	0.292321126	0.914236255	1	0.702	24.96325945	1.925167647	4.47	2.956157255	0.614695755	1.5	2.698230265	"0"	13.69168	8.77627	16.96453	0.00012	17.84343618	1	7.853333333	9	35.855417	9.7735
"100"	"198"	0	23.73333333	0.303721303	-0.686614181	0	0.814	97.81147736	1.702559772	3.51	2.356701887	0.346266588	3	3.010537315	"0"	3.00056	0	0	0	4.522738943	2	8.912165855	11	38.173514	-109.710268
"1001"	"198"	0	23.73333333	0.303721303	-0.686614181	0	0.814	97.81147736	1.702559772	3.51	2.356701887	0.346266588	3	3.010537315	"0"	3.00056	0	0	0	4.522738943	2	8.912165855	11	38.173514	-109.710268
"1002"	"198"	0	23.73333333	0.303721303	-0.686614181	0	0.814	97.81147736	1.702559772	3.51	2.356701887	0.346266588	3	3.010537315	"0"	3.00056	0	0	0	4.522738943	2	8.912165855	11	38.173514	-109.710268
"101"	"199"	1	57.5	0.765039296	-0.418435884	0	0.7156	100	1.948432528	1.1	1.810540134	0.45622354	1	2.745811343	"25"	8.36074	0.63975	0.07932	0.02213	6.425051446	2	8.130290045	4	37.581928	-109.910049
"1012"	"199"	1	57.5	0.765039296	-0.418435884	0	0.7156	100	1.948432528	1.1	1.810540134	0.45622354	1	2.745811343	"25"	8.36074	0.63975	0.07932	0.02213	6.425051446	2	8.130290045	4	37.581928	-109.910049
"1013"	"199"	1	57.5	0.765039296	-0.418435884	0	0.7156	100	1.948432528	1.1	1.810540134	0.45622354	1	2.745811343	"25"	8.36074	0.63975	0.07932	0.02213	6.425051446	2	8.130290045	4	37.581928	-109.910049
"1"	"2"	0	19.98875	0.371488107	-0.246160057	0	0.6269	35.52635051	1.713734083	9.08	2.730111041	0.661911921	0.6	3.076883592	NA	8.72742	1.2147	2.43019	0.00853	10.3282615	1	6.903775992	21	-41.23785	-70.423925
"116"	"2"	0	19.98875	0.371488107	-0.246160057	0	0.6269	35.52635051	1.713734083	9.08	2.730111041	0.661911921	0.6	3.076883592	NA	8.72742	1.2147	2.43019	0.00853	10.3282615	1	6.903775992	21	-41.23785	-70.423925
"117"	"2"	0	19.98875	0.371488107	-0.246160057	0	0.6269	35.52635051	1.713734083	9.08	2.730111041	0.661911921	0.6	3.076883592	NA	8.72742	1.2147	2.43019	0.00853	10.3282615	1	6.903775992	21	-41.23785	-70.423925
"102"	"200"	0	21.15833333	0.321440879	-1.08967429	0	0.8978	96.62443311	1.804241687	5.91	3.135979004	0.733450714	6	3.144498586	"37.5"	6.61088	0.92507	0.00529	0.09562	2.190422624	2	8.053086074	16	37.086092	-111.696845
"1021"	"200"	0	21.15833333	0.321440879	-1.08967429	0	0.8978	96.62443311	1.804241687	5.91	3.135979004	0.733450714	6	3.144498586	"37.5"	6.61088	0.92507	0.00529	0.09562	2.190422624	2	8.053086074	16	37.086092	-111.696845
"1022"	"200"	0	21.15833333	0.321440879	-1.08967429	0	0.8978	96.62443311	1.804241687	5.91	3.135979004	0.733450714	6	3.144498586	"37.5"	6.61088	0.92507	0.00529	0.09562	2.190422624	2	8.053086074	16	37.086092	-111.696845
"103"	"201"	0	36.86666667	0.35253613	-0.63087174	0	0.8307	97.75482992	1.677634323	3.54	3.121423223	0.288196042	1.5	2.916870386	NA	8.27761	0.58062	0.14872	0.00277	6.306492357	2	8.80814012	11	37.259733	-109.926516
"1031"	"201"	0	36.86666667	0.35253613	-0.63087174	0	0.8307	97.75482992	1.677634323	3.54	3.121423223	0.288196042	1.5	2.916870386	NA	8.27761	0.58062	0.14872	0.00277	6.306492357	2	8.80814012	11	37.259733	-109.926516
"1032"	"201"	0	36.86666667	0.35253613	-0.63087174	0	0.8307	97.75482992	1.677634323	3.54	3.121423223	0.288196042	1.5	2.916870386	NA	8.27761	0.58062	0.14872	0.00277	6.306492357	2	8.80814012	11	37.259733	-109.926516
"104"	"203"	0	22.56666667	0.568457708	-0.598510329	0	0.7972	73.8135755	1.613313161	4.59	2.388272712	0.309124331	4	3.01101087	"50"	1.30663	0.76958	0.00829	0.01887	5.385319398	2	8.262086479	10	37.507278	-112.02167
"1041"	"203"	0	22.56666667	0.568457708	-0.598510329	0	0.7972	73.8135755	1.613313161	4.59	2.388272712	0.309124331	4	3.01101087	"50"	1.30663	0.76958	0.00829	0.01887	5.385319398	2	8.262086479	10	37.507278	-112.02167
"1042"	"203"	0	22.56666667	0.568457708	-0.598510329	0	0.7972	73.8135755	1.613313161	4.59	2.388272712	0.309124331	4	3.01101087	"50"	1.30663	0.76958	0.00829	0.01887	5.385319398	2	8.262086479	10	37.507278	-112.02167
"105"	"204"	1	48.90833333	0.796957753	0.180556754	1	0.6599	100	1.931208614	1.64	1.794869438	0.239601538	2.5	2.725244476	"54.54545455"	7.08473	1.45608	0.16852	0	15.3924813	2	7.732191941	11	37.730413	-109.413583
"1051"	"204"	1	48.90833333	0.796957753	0.180556754	1	0.6599	100	1.931208614	1.64	1.794869438	0.239601538	2.5	2.725244476	"54.54545455"	7.08473	1.45608	0.16852	0	15.3924813	2	7.732191941	11	37.730413	-109.413583
"1052"	"204"	1	48.90833333	0.796957753	0.180556754	1	0.6599	100	1.931208614	1.64	1.794869438	0.239601538	2.5	2.725244476	"54.54545455"	7.08473	1.45608	0.16852	0	15.3924813	2	7.732191941	11	37.730413	-109.413583
"106"	"206"	0	28.325	0.340525818	-0.937609241	0	0.863	78.07632772	1.656222816	3.99	2.399319174	0.607846609	2	3.100915117	"66.66666667"	7.35561	0	0	0	3.31218298	2	8.349842243	9	36.685466	-111.856829
"1061"	"206"	0	28.325	0.340525818	-0.937609241	0	0.863	78.07632772	1.656222816	3.99	2.399319174	0.607846609	2	3.100915117	"66.66666667"	7.35561	0	0	0	3.31218298	2	8.349842243	9	36.685466	-111.856829
"1062"	"206"	0	28.325	0.340525818	-0.937609241	0	0.863	78.07632772	1.656222816	3.99	2.399319174	0.607846609	2	3.100915117	"66.66666667"	7.35561	0	0	0	3.31218298	2	8.349842243	9	36.685466	-111.856829
"107"	"207"	0	18.03333333	0.228284834	-0.393731996	0	0.8703	100	1.86967166	5.62	2.926907509	0.215672476	1	3.04113817	NA	2.25073	0	0	0	3.631358454	2	8.470164667	10	33.747137	-115.807771
"1071"	"207"	0	18.03333333	0.228284834	-0.393731996	0	0.8703	100	1.86967166	5.62	2.926907509	0.215672476	1	3.04113817	NA	2.25073	0	0	0	3.631358454	2	8.470164667	10	33.747137	-115.807771
"1072"	"207"	0	18.03333333	0.228284834	-0.393731996	0	0.8703	100	1.86967166	5.62	2.926907509	0.215672476	1	3.04113817	NA	2.25073	0	0	0	3.631358454	2	8.470164667	10	33.747137	-115.807771
"108"	"208"	0	9.675	0.332899406	-0.468479797	0	0.8765	100	2.020978305	4.17	1.964939531	0.229150426	1	3.066646323	NA	2.25073	0	0	0	2.490755827	2	8.080464	8	33.747762	-115.809932
"1081"	"208"	0	9.675	0.332899406	-0.468479797	0	0.8765	100	2.020978305	4.17	1.964939531	0.229150426	1	3.066646323	NA	2.25073	0	0	0	2.490755827	2	8.080464	8	33.747762	-115.809932
"1082"	"208"	0	9.675	0.332899406	-0.468479797	0	0.8765	100	2.020978305	4.17	1.964939531	0.229150426	1	3.066646323	NA	2.25073	0	0	0	2.490755827	2	8.080464	8	33.747762	-115.809932
"109"	"209"	0	19.35	0.427037708	-0.300759843	0	0.8652	100	1.908393861	5.2	1.975036975	0.210936665	1.5	2.98972366	NA	2.4919	0	0	0	8.751835616	2	8.093737	11	33.754262	-115.79572
"1091"	"209"	0	19.35	0.427037708	-0.300759843	0	0.8652	100	1.908393861	5.2	1.975036975	0.210936665	1.5	2.98972366	NA	2.4919	0	0	0	8.751835616	2	8.093737	11	33.754262	-115.79572
"1092"	"209"	0	19.35	0.427037708	-0.300759843	0	0.8652	100	1.908393861	5.2	1.975036975	0.210936665	1.5	2.98972366	NA	2.4919	0	0	0	8.751835616	2	8.093737	11	33.754262	-115.79572
"110"	"210"	0	14.15	0.184326832	-0.310276032	0	0.8703	100	2.00417085	5.51	3.051437457	0.188867107	1	2.99697103	NA	2.40473	0	0	0	9.352993607	2	7.945996	9	33.749497	-115.805622
"1101"	"210"	0	14.15	0.184326832	-0.310276032	0	0.8703	100	2.00417085	5.51	3.051437457	0.188867107	1	2.99697103	NA	2.40473	0	0	0	9.352993607	2	7.945996	9	33.749497	-115.805622
"1102"	"210"	0	14.15	0.184326832	-0.310276032	0	0.8703	100	2.00417085	5.51	3.051437457	0.188867107	1	2.99697103	NA	2.40473	0	0	0	9.352993607	2	7.945996	9	33.749497	-115.805622
"111"	"211"	1	26.125	0.699772808	-0.653231153	0	0.8734	100	1.815810107	3.74	1.758881927	0.344340902	1.5	3.042429377	NA	2.25073	0	0	0	6.657671233	2	8.26594	8	33.750666	-115.811803
"1111"	"211"	1	26.125	0.699772808	-0.653231153	0	0.8734	100	1.815810107	3.74	1.758881927	0.344340902	1.5	3.042429377	NA	2.25073	0	0	0	6.657671233	2	8.26594	8	33.750666	-115.811803
"1112"	"211"	1	26.125	0.699772808	-0.653231153	0	0.8734	100	1.815810107	3.74	1.758881927	0.344340902	1.5	3.042429377	NA	2.25073	0	0	0	6.657671233	2	8.26594	8	33.750666	-115.811803
"112"	"212"	1	12.6	0.570508062	-0.098039761	0	0.8652	100	1.797309098	5.76	1.814609061	0.197813459	1	2.940626238	NA	2.4919	0	0	0	7.875083105	2	8.373236	10	33.753612	-115.795665
"1121"	"212"	1	12.6	0.570508062	-0.098039761	0	0.8652	100	1.797309098	5.76	1.814609061	0.197813459	1	2.940626238	NA	2.4919	0	0	0	7.875083105	2	8.373236	10	33.753612	-115.795665
"1122"	"212"	1	12.6	0.570508062	-0.098039761	0	0.8652	100	1.797309098	5.76	1.814609061	0.197813459	1	2.940626238	NA	2.4919	0	0	0	7.875083105	2	8.373236	10	33.753612	-115.795665
"113"	"225"	1	32.8	0.679617756	-0.681197614	0	0.9003	29.06504065	2.217819307	1.40269	1.805204128	0.181488105	3	3.126539972	NA	3.14476	0.39178	1.43215	0	5.959602688	4	6.309593333	8	-26.775916	20.844193
"1131"	"225"	1	32.8	0.679617756	-0.681197614	0	0.9003	29.06504065	2.217819307	1.40269	1.805204128	0.181488105	3	3.126539972	NA	3.14476	0.39178	1.43215	0	5.959602688	4	6.309593333	8	-26.775916	20.844193
"1132"	"225"	1	32.8	0.679617756	-0.681197614	0	0.9003	29.06504065	2.217819307	1.40269	1.805204128	0.181488105	3	3.126539972	NA	3.14476	0.39178	1.43215	0	5.959602688	4	6.309593333	8	-26.775916	20.844193
"114"	"227"	1	31.7	0.584252255	-0.27536933	0	0.8609	59.72660358	2.416223934	1.70022	1.803480614	0.235800309	1	3.117914952	NA	3.25023	0.56273	1.47902	0	6.80207296	4	5.88578	10	-26.396669	22.081829
"1141"	"227"	1	31.7	0.584252255	-0.27536933	0	0.8609	59.72660358	2.416223934	1.70022	1.803480614	0.235800309	1	3.117914952	NA	3.25023	0.56273	1.47902	0	6.80207296	4	5.88578	10	-26.396669	22.081829
"1142"	"227"	1	31.7	0.584252255	-0.27536933	0	0.8609	59.72660358	2.416223934	1.70022	1.803480614	0.235800309	1	3.117914952	NA	3.25023	0.56273	1.47902	0	6.80207296	4	5.88578	10	-26.396669	22.081829
"115"	"228"	1	30.2	0.627874533	-0.16899193	0	0.8481	58.2781457	2.603208257	1.56747	1.539190803	0.270761537	1	3.116896059	NA	3.25089	0.71278	1.56652	0	8.077741312	4	6.524293333	9	-26.259663	22.188355
"1151"	"228"	1	30.2	0.627874533	-0.16899193	0	0.8481	58.2781457	2.603208257	1.56747	1.539190803	0.270761537	1	3.116896059	NA	3.25089	0.71278	1.56652	0	8.077741312	4	6.524293333	9	-26.259663	22.188355
"1152"	"228"	1	30.2	0.627874533	-0.16899193	0	0.8481	58.2781457	2.603208257	1.56747	1.539190803	0.270761537	1	3.116896059	NA	3.25089	0.71278	1.56652	0	8.077741312	4	6.524293333	9	-26.259663	22.188355
"11"	"38"	1	82.88	0.684916908	-0.052402051	0	0.5541	99.03597702	2.595745263	4.33	1.480628601	0.436029367	0.5	3.101070971	NA	9.59656	0	0	0	3.274571869	2	4.132948767	17	-11.33875	-41.243778
"118"	"38"	1	82.88	0.684916908	-0.052402051	0	0.5541	99.03597702	2.595745263	4.33	1.480628601	0.436029367	0.5	3.101070971	NA	9.59656	0	0	0	3.274571869	2	4.132948767	17	-11.33875	-41.243778
"119"	"38"	1	82.88	0.684916908	-0.052402051	0	0.5541	99.03597702	2.595745263	4.33	1.480628601	0.436029367	0.5	3.101070971	NA	9.59656	0	0	0	3.274571869	2	4.132948767	17	-11.33875	-41.243778
"12"	"41"	1	46.725	0.845205466	-0.822487851	0	0.6689	97.5777875	2.724080803	7.79	1.665219449	0.668574592	0.5	3.137857179	NA	NA	0	0	0	3.596668449	2	5.346688901	18	-11.117667	-42.736806
"121"	"41"	1	46.725	0.845205466	-0.822487851	0	0.6689	97.5777875	2.724080803	7.79	1.665219449	0.668574592	0.5	3.137857179	NA	NA	0	0	0	3.596668449	2	5.346688901	18	-11.117667	-42.736806
"122"	"41"	1	46.725	0.845205466	-0.822487851	0	0.6689	97.5777875	2.724080803	7.79	1.665219449	0.668574592	0.5	3.137857179	NA	NA	0	0	0	3.596668449	2	5.346688901	18	-11.117667	-42.736806
"13"	"42"	1	43.5925	0.670989949	-0.793730529	0	0.6679	100.038931	2.926979014	11.37	1.626380393	0.676769059	0.5	3.08636753	NA	NA	0	0	0	2.956722874	2	5.072798122	23	-11.125306	-42.737083
"131"	"42"	1	43.5925	0.670989949	-0.793730529	0	0.6679	100.038931	2.926979014	11.37	1.626380393	0.676769059	0.5	3.08636753	NA	NA	0	0	0	2.956722874	2	5.072798122	23	-11.125306	-42.737083
"132"	"42"	1	43.5925	0.670989949	-0.793730529	0	0.6679	100.038931	2.926979014	11.37	1.626380393	0.676769059	0.5	3.08636753	NA	NA	0	0	0	2.956722874	2	5.072798122	23	-11.125306	-42.737083
"14"	"44"	0	32.16666667	0.451082196	0.519269112	1	0.7089	86.04691258	2.200481136	2.04	1.893394274	0.389586281	22.5	2.722642961	NA	21.99227	8.638	2.29162	8.45609	7.398965602	2	6.48473592	6	-33.27	-70.903056
"141"	"44"	0	32.16666667	0.451082196	0.519269112	1	0.7089	86.04691258	2.200481136	2.04	1.893394274	0.389586281	22.5	2.722642961	NA	21.99227	8.638	2.29162	8.45609	7.398965602	2	6.48473592	6	-33.27	-70.903056
"142"	"44"	0	32.16666667	0.451082196	0.519269112	1	0.7089	86.04691258	2.200481136	2.04	1.893394274	0.389586281	22.5	2.722642961	NA	21.99227	8.638	2.29162	8.45609	7.398965602	2	6.48473592	6	-33.27	-70.903056
"15"	"45"	0	59.61666667	0.540362804	0.187414489	1	0.6017	100	2.32990206	2.44	1.58031309	0.133312645	10.6	2.871793582	NA	14.27313	7.92171	0.11116	0.15438	8.35969161	2	5.907499074	4	-33.119167	-71.363889
"151"	"45"	0	59.61666667	0.540362804	0.187414489	1	0.6017	100	2.32990206	2.44	1.58031309	0.133312645	10.6	2.871793582	NA	14.27313	7.92171	0.11116	0.15438	8.35969161	2	5.907499074	4	-33.119167	-71.363889
"152"	"45"	0	59.61666667	0.540362804	0.187414489	1	0.6017	100	2.32990206	2.44	1.58031309	0.133312645	10.6	2.871793582	NA	14.27313	7.92171	0.11116	0.15438	8.35969161	2	5.907499074	4	-33.119167	-71.363889
"16"	"46"	1	43.95833333	0.587453127	0.194477375	1	0.7364	96.34420697	2.080741899	5.31	1.534310504	0.271735262	6.4	2.717347082	NA	14.04335	7.27954	0	0	6.846997128	2	6.316386478	11	-32.485556	-71.370278
"161"	"46"	1	43.95833333	0.587453127	0.194477375	1	0.7364	96.34420697	2.080741899	5.31	1.534310504	0.271735262	6.4	2.717347082	NA	14.04335	7.27954	0	0	6.846997128	2	6.316386478	11	-32.485556	-71.370278
"162"	"46"	1	43.95833333	0.587453127	0.194477375	1	0.7364	96.34420697	2.080741899	5.31	1.534310504	0.271735262	6.4	2.717347082	NA	14.04335	7.27954	0	0	6.846997128	2	6.316386478	11	-32.485556	-71.370278
"17"	"47"	0	33.16666667	0.462098286	0.632459847	1	0.6714	56.1503503	2.442192758	3.24	1.906849467	0.329680342	14.6	2.823675038	NA	8.87729	8.73516	0.15074	85.68031	8.058520548	2	7.088624	7	-34.107222	-71.345833
"171"	"47"	0	33.16666667	0.462098286	0.632459847	1	0.6714	56.1503503	2.442192758	3.24	1.906849467	0.329680342	14.6	2.823675038	NA	8.87729	8.73516	0.15074	85.68031	8.058520548	2	7.088624	7	-34.107222	-71.345833
"172"	"47"	0	33.16666667	0.462098286	0.632459847	1	0.6714	56.1503503	2.442192758	3.24	1.906849467	0.329680342	14.6	2.823675038	NA	8.87729	8.73516	0.15074	85.68031	8.058520548	2	7.088624	7	-34.107222	-71.345833
"18"	"49"	0	20.6	0.294840656	-0.623312145	0	0.9415	100	2.172818857	6.69	3.372651264	0.106244083	11.6	2.901646767	"66.66666667"	7.62885	0	5.09046	0.00782	6.61837882	2	7.696567026	14	-29.311377	-71.244902
"181"	"49"	0	20.6	0.294840656	-0.623312145	0	0.9415	100	2.172818857	6.69	3.372651264	0.106244083	11.6	2.901646767	"66.66666667"	7.62885	0	5.09046	0.00782	6.61837882	2	7.696567026	14	-29.311377	-71.244902
"182"	"49"	0	20.6	0.294840656	-0.623312145	0	0.9415	100	2.172818857	6.69	3.372651264	0.106244083	11.6	2.901646767	"66.66666667"	7.62885	0	5.09046	0.00782	6.61837882	2	7.696567026	14	-29.311377	-71.244902
"19"	"52"	0	39.475	0.512693793	-0.459871099	0	0.9239	100	2.129667339	3.88	1.862449697	0.140145173	1	3.052685351	"33.33333333"	17.9275	0.47002	14.85769	0.38094	11.76620057	2	7.076415415	12	-29.750156	-71.251185
"191"	"52"	0	39.475	0.512693793	-0.459871099	0	0.9239	100	2.129667339	3.88	1.862449697	0.140145173	1	3.052685351	"33.33333333"	17.9275	0.47002	14.85769	0.38094	11.76620057	2	7.076415415	12	-29.750156	-71.251185
"192"	"52"	0	39.475	0.512693793	-0.459871099	0	0.9239	100	2.129667339	3.88	1.862449697	0.140145173	1	3.052685351	"33.33333333"	17.9275	0.47002	14.85769	0.38094	11.76620057	2	7.076415415	12	-29.750156	-71.251185
"20"	"56"	0	59.6675	0.418472618	0.700821894	1	0.8817	100	2.270037983	3.93	2.003665276	1.183749802	4.9	2.813849235	"35.71428571"	6.4209	0	0	0	8.135137447	2	6.5896798	9	-30.660943	-71.664246
"201"	"56"	0	59.6675	0.418472618	0.700821894	1	0.8817	100	2.270037983	3.93	2.003665276	1.183749802	4.9	2.813849235	"35.71428571"	6.4209	0	0	0	8.135137447	2	6.5896798	9	-30.660943	-71.664246
"202"	"56"	0	59.6675	0.418472618	0.700821894	1	0.8817	100	2.270037983	3.93	2.003665276	1.183749802	4.9	2.813849235	"35.71428571"	6.4209	0	0	0	8.135137447	2	6.5896798	9	-30.660943	-71.664246
"21"	"58"	0	35.025	0.282632486	1.018300364	1	0.8459	100	1.975160577	4.47	2.724893337	1.285232157	12.1	2.917324454	"28.57142857"	6.19658	1.28038	17.81474	0.03352	13.7582137	2	6.5985775	14	-31.200242	-71.584711
"211"	"58"	0	35.025	0.282632486	1.018300364	1	0.8459	100	1.975160577	4.47	2.724893337	1.285232157	12.1	2.917324454	"28.57142857"	6.19658	1.28038	17.81474	0.03352	13.7582137	2	6.5985775	14	-31.200242	-71.584711
"212"	"58"	0	35.025	0.282632486	1.018300364	1	0.8459	100	1.975160577	4.47	2.724893337	1.285232157	12.1	2.917324454	"28.57142857"	6.19658	1.28038	17.81474	0.03352	13.7582137	2	6.5985775	14	-31.200242	-71.584711
"2"	"6"	0	32.275	0.385889717	-0.216744002	0	0.5835	51.06447628	1.742057077	9.14	2.468477876	0.757991195	0.6	2.989058022	NA	10.86267	1.46621	2.65239	0.01033	9.609634323	1	6.790220085	20	-41.0335	-70.524528
"210"	"6"	0	32.275	0.385889717	-0.216744002	0	0.5835	51.06447628	1.742057077	9.14	2.468477876	0.757991195	0.6	2.989058022	NA	10.86267	1.46621	2.65239	0.01033	9.609634323	1	6.790220085	20	-41.0335	-70.524528
"213"	"6"	0	32.275	0.385889717	-0.216744002	0	0.5835	51.06447628	1.742057077	9.14	2.468477876	0.757991195	0.6	2.989058022	NA	10.86267	1.46621	2.65239	0.01033	9.609634323	1	6.790220085	20	-41.0335	-70.524528
"22"	"60"	0	35.25833333	0.445329049	1.10515072	1	0.8459	100	2.050352685	3.88	2.329103739	1.347774369	11.9	2.877204726	"28.57142857"	6.19658	1.07623	15.6739	0.03793	11.2247284	2	6.438986349	10	-31.199813	-71.585444
"221"	"60"	0	35.25833333	0.445329049	1.10515072	1	0.8459	100	2.050352685	3.88	2.329103739	1.347774369	11.9	2.877204726	"28.57142857"	6.19658	1.07623	15.6739	0.03793	11.2247284	2	6.438986349	10	-31.199813	-71.585444
"222"	"60"	0	35.25833333	0.445329049	1.10515072	1	0.8459	100	2.050352685	3.88	2.329103739	1.347774369	11.9	2.877204726	"28.57142857"	6.19658	1.07623	15.6739	0.03793	11.2247284	2	6.438986349	10	-31.199813	-71.585444
"23"	"69"	1	29.525	0.691808761	-0.029990092	0	0.5282	70.5112189	2.227521641	5.12	1.816620849	0.323718172	10.35	2.412143387	"11.11111111"	6.71409	21.29469	0.78585	2.30216	7.388261949	2	8.192124614	18	-3.990775	-79.424801
"231"	"69"	1	29.525	0.691808761	-0.029990092	0	0.5282	70.5112189	2.227521641	5.12	1.816620849	0.323718172	10.35	2.412143387	"11.11111111"	6.71409	21.29469	0.78585	2.30216	7.388261949	2	8.192124614	18	-3.990775	-79.424801
"232"	"69"	1	29.525	0.691808761	-0.029990092	0	0.5282	70.5112189	2.227521641	5.12	1.816620849	0.323718172	10.35	2.412143387	"11.11111111"	6.71409	21.29469	0.78585	2.30216	7.388261949	2	8.192124614	18	-3.990775	-79.424801
"3"	"7"	0	41.68083333	0.235429501	-0.253784677	0	0.7322	2.000868093	2.139485525	7.59	3.142117845	0.424646675	0.5	2.969985521	NA	8.54179	12.4034	0.02901	0.16138	7.860722412	2	7.531020988	27	-38.990869	-63.933767
"310"	"7"	0	41.68083333	0.235429501	-0.253784677	0	0.7322	2.000868093	2.139485525	7.59	3.142117845	0.424646675	0.5	2.969985521	NA	8.54179	12.4034	0.02901	0.16138	7.860722412	2	7.531020988	27	-38.990869	-63.933767
"313"	"7"	0	41.68083333	0.235429501	-0.253784677	0	0.7322	2.000868093	2.139485525	7.59	3.142117845	0.424646675	0.5	2.969985521	NA	8.54179	12.4034	0.02901	0.16138	7.860722412	2	7.531020988	27	-38.990869	-63.933767
"24"	"72"	1	23.8	0.796702023	0.597264968	1	0.532	59.85543215	2.177634602	2.73	1.652327555	0.176541121	12.15	2.499681958	"66.66666667"	5.74821	23.54303	1.92637	4.1024	7.696613846	2	7.966117857	12	-3.99644	-79.427159
"241"	"72"	1	23.8	0.796702023	0.597264968	1	0.532	59.85543215	2.177634602	2.73	1.652327555	0.176541121	12.15	2.499681958	"66.66666667"	5.74821	23.54303	1.92637	4.1024	7.696613846	2	7.966117857	12	-3.99644	-79.427159
"242"	"72"	1	23.8	0.796702023	0.597264968	1	0.532	59.85543215	2.177634602	2.73	1.652327555	0.176541121	12.15	2.499681958	"66.66666667"	5.74821	23.54303	1.92637	4.1024	7.696613846	2	7.966117857	12	-3.99644	-79.427159
"25"	"83"	1	41.85833333	0.731141132	0.651761179	1	0.7357	88.9023135	1.68692213	5.57	1.840894101	0.282571358	17.7	2.124680775	NA	15.21576	2.54787	11.44481	0	9.679281663	2	7.568268732	19	36.696167	58.6695
"251"	"83"	1	41.85833333	0.731141132	0.651761179	1	0.7357	88.9023135	1.68692213	5.57	1.840894101	0.282571358	17.7	2.124680775	NA	15.21576	2.54787	11.44481	0	9.679281663	2	7.568268732	19	36.696167	58.6695
"252"	"83"	1	41.85833333	0.731141132	0.651761179	1	0.7357	88.9023135	1.68692213	5.57	1.840894101	0.282571358	17.7	2.124680775	NA	15.21576	2.54787	11.44481	0	9.679281663	2	7.568268732	19	36.696167	58.6695
"26"	"85"	1	15.46666667	0.56871203	-0.306574259	0	0.7521	69.25703854	1.400434368	8.5	2.4336517	0.375656311	22.3	2.677485457	NA	8.77233	2.43653	19.48762	0	8.387775509	2	7.832896458	21	37.429083	58.109556
"261"	"85"	1	15.46666667	0.56871203	-0.306574259	0	0.7521	69.25703854	1.400434368	8.5	2.4336517	0.375656311	22.3	2.677485457	NA	8.77233	2.43653	19.48762	0	8.387775509	2	7.832896458	21	37.429083	58.109556
"262"	"85"	1	15.46666667	0.56871203	-0.306574259	0	0.7521	69.25703854	1.400434368	8.5	2.4336517	0.375656311	22.3	2.677485457	NA	8.77233	2.43653	19.48762	0	8.387775509	2	7.832896458	21	37.429083	58.109556
"27"	"99"	0	7.1	0.556121601	-0.220241315	0	0.7436	20.91836735	2.723692868	5.72	1.774111116	0.37492926	4	2.930809631	NA	22.28789	0	0	0	7.314097864	4	7.280494597	13	0.575333	37.530167
"271"	"99"	0	7.1	0.556121601	-0.220241315	0	0.7436	20.91836735	2.723692868	5.72	1.774111116	0.37492926	4	2.930809631	NA	22.28789	0	0	0	7.314097864	4	7.280494597	13	0.575333	37.530167
"272"	"99"	0	7.1	0.556121601	-0.220241315	0	0.7436	20.91836735	2.723692868	5.72	1.774111116	0.37492926	4	2.930809631	NA	22.28789	0	0	0	7.314097864	4	7.280494597	13	0.575333	37.530167
